STEPS 8
STEP 0
SEQ_BEFORE 2 1 5
LOGITS_LAST 32 -0.750115216 -0.84030354 -0.268408448 -1.12172365 0.369890869 0.731083453 0.41957894 -0.0760180205 -0.339877218 -0.376299977 0.202761903 -0.325359195 -0.819129527 -0.210358337 -0.22359018 0.0684736297 -0.460745543 -0.340557069 0.0868347362 -0.0523147136 0.186496988 -0.276847869 0.109071977 -0.443154931 0.279392511 -0.459163606 0.619348884 -0.446170539 0.00712450361 0.516623139 0.282774568 -0.0564700179
SELECTED 5
STEP 1
SEQ_BEFORE 3 1 5 5
LOGITS_LAST 32 -0.726852775 -0.674034178 -0.222901046 -1.11906111 0.30416131 0.695929945 0.500947714 -0.269721895 -0.232154012 -0.423940688 0.291721433 -0.333013088 -0.824362934 -0.210307822 -0.0235732365 0.0762916207 -0.449381024 -0.272301644 0.0299972165 0.0331176333 0.0470471159 -0.125519216 -0.10161712 -0.324703097 0.1241882 -0.366552204 0.44957009 -0.513328552 -0.110490859 0.638288021 0.063678354 0.0307829734
SELECTED 5
STEP 2
SEQ_BEFORE 4 1 5 5 5
LOGITS_LAST 32 -0.691645563 -0.595722497 -0.198203191 -1.09458613 0.277000695 0.670259058 0.51755327 -0.341320753 -0.178550825 -0.432149053 0.316042155 -0.336468309 -0.825903416 -0.210882619 0.045016475 0.0699554607 -0.433154196 -0.239846081 0.0150823426 0.0656908229 -0.000561549503 -0.0573039725 -0.172834024 -0.266383231 0.0552917719 -0.319987357 0.368365169 -0.540706635 -0.146142229 0.684808671 -0.0107530626 0.061855536
SELECTED 29
STEP 3
SEQ_BEFORE 5 1 5 5 5 29
LOGITS_LAST 32 -0.292898566 -0.556317449 0.0176325161 -1.11315525 -0.122000962 0.0517342165 0.788686872 -0.627098024 -0.0438425392 -0.283365756 0.197691664 -0.22475718 -0.733412147 -0.318275124 0.229542255 -0.581854939 -0.29344058 -0.285942912 0.0324583575 0.148298472 -0.12038558 -0.031273175 -0.306523323 0.181942776 0.0326617919 -0.0365897305 -0.0159744918 -0.969382286 -0.686310053 1.21437037 -0.244985819 -0.255088866
SELECTED 29
STEP 4
SEQ_BEFORE 6 1 5 5 5 29 29
LOGITS_LAST 32 -0.269444883 -0.434896916 0.0156099191 -1.07145786 -0.119190045 0.142437354 0.770356357 -0.738524437 -0.0312067233 -0.295109183 0.17673935 -0.361102551 -0.718108773 -0.416155457 0.396202296 -0.584314108 -0.346218258 -0.197078109 -0.0117084766 0.192748323 -0.266544521 0.0830214843 -0.325188011 0.197150707 -0.152800888 0.0242284294 0.0350651741 -0.989189923 -0.656229973 1.21633327 -0.185606793 -0.271327376
SELECTED 29
STEP 5
SEQ_BEFORE 7 1 5 5 5 29 29 29
LOGITS_LAST 32 -0.262232065 -0.313210338 0.0149289742 -1.02713799 -0.121891946 0.23706381 0.732610762 -0.793442547 0.00805400591 -0.299165696 0.154501021 -0.457304001 -0.705365062 -0.482531399 0.517367005 -0.563898623 -0.380324244 -0.130282596 -0.0571757741 0.219338596 -0.375062287 0.191582054 -0.323910743 0.224885076 -0.299818218 0.0773524642 0.0698774159 -0.986724317 -0.586985767 1.19563627 -0.135863975 -0.261046261
SELECTED 29
STEP 6
SEQ_BEFORE 8 1 5 5 5 29 29 29 29
LOGITS_LAST 32 -0.26405549 -0.191785052 0.0105508817 -0.983298659 -0.136535779 0.319697022 0.690887332 -0.807297349 0.0656429231 -0.290624201 0.135149345 -0.512675405 -0.686967194 -0.520361602 0.599422753 -0.536428869 -0.393644571 -0.0834678933 -0.105708227 0.231143102 -0.449848175 0.294157118 -0.316486269 0.259718359 -0.408121109 0.123874173 0.0761039183 -0.972107232 -0.505712032 1.16666162 -0.11340601 -0.228358254
SELECTED 29
STEP 7
SEQ_BEFORE 9 1 5 5 5 29 29 29 29 29
LOGITS_LAST 32 -0.265408576 -0.0918551609 0.00457981043 -0.944512963 -0.154915437 0.374850959 0.656004846 -0.804746747 0.115693867 -0.274963111 0.118468389 -0.543121278 -0.661327899 -0.538177311 0.653272688 -0.513405502 -0.394376457 -0.0495058112 -0.144604072 0.23683767 -0.499173552 0.376227468 -0.305101305 0.287160307 -0.482607126 0.156689838 0.0647622198 -0.956996739 -0.442792445 1.14031565 -0.110702917 -0.192682132
SELECTED 29
