STEPS 9
STEP 0 prefill
SEQ_BEFORE 0
NEW_TOKENS 2 1 5
START_POSITION 0
LOGITS_LAST 32 -0.750115275 -0.840303361 -0.268408418 -1.12172353 0.369890809 0.731083393 0.419578999 -0.0760180876 -0.339877367 -0.376299977 0.202761978 -0.325359225 -0.819129407 -0.210358381 -0.223590016 0.068473652 -0.460745543 -0.340556979 0.0868346989 -0.0523147173 0.186496913 -0.276847899 0.109071836 -0.443154931 0.279392481 -0.459163636 0.619348824 -0.446170539 0.00712444633 0.516623139 0.282774389 -0.0564698949
SELECTED 5
CACHE_K 0 3 2 2 4
-0.565535128 -0.478129327 -0.500788748 -0.0447358489 0.304272413 0.449872196 0.369424731 -0.771735013 0.257447243 -0.526975989 -0.170329005 0.0615371466 0.236717865 0.0519056655 -0.282570183 -0.373822719
CACHE_V 0 3 2 2 4
-0.427582294 0.00712829456 -0.685054243 -0.147798553 0.0750040859 0.507764339 -0.56731689 0.122643709 -0.632302344 0.469225138 -0.315920889 -0.0756318942 0.235389248 -0.173074871 0.318665624 0.141425639
CACHE_K 1 3 2 2 4
0.2089037 0.264371812 -0.153404117 -0.28070423 -0.109584019 0.271310121 0.554503858 0.269368827 0.61822027 -0.341397732 0.352669835 0.47625342 -0.0709255338 -0.0248533804 0.795462072 0.496871561
CACHE_V 1 3 2 2 4
-0.854503036 0.357059598 -0.438123256 0.0138168782 -0.957712173 0.314363897 -0.0310968049 0.725704372 0.055033423 0.387109429 0.0813725516 -0.0959999189 -0.0945450515 -0.158706278 -0.370647073 0.331788957
STEP 1 decode
SEQ_BEFORE 3 1 5 5
NEW_TOKENS 1 5
START_POSITION 2
LOGITS_LAST 32 -0.726852834 -0.674034059 -0.222901076 -1.11906099 0.30416128 0.695930064 0.500947833 -0.269721925 -0.232153922 -0.423940718 0.291721433 -0.333013177 -0.824362934 -0.210307792 -0.0235732347 0.0762916133 -0.449381053 -0.272301733 0.0299972594 0.0331176706 0.0470471121 -0.125519037 -0.101617165 -0.324703097 0.124188162 -0.366552144 0.449570149 -0.513328612 -0.110490851 0.638288081 0.0636783913 0.030782979
SELECTED 5
CACHE_K 0 3 2 3 4
-0.565535128 -0.478129327 -0.500788748 -0.0447358489 0.304272413 0.449872196 0.369424731 -0.771735013 -0.146461114 0.457566947 0.455637455 -0.767197788 0.257447243 -0.526975989 -0.170329005 0.0615371466 0.236717865 0.0519056655 -0.282570183 -0.373822719 0.36567381 0.0556412414 0.0465178862 -0.373284966
CACHE_V 0 3 2 3 4
-0.427582294 0.00712829456 -0.685054243 -0.147798553 0.0750040859 0.507764339 -0.56731689 0.122643709 0.0750040859 0.507764339 -0.56731689 0.122643709 -0.632302344 0.469225138 -0.315920889 -0.0756318942 0.235389248 -0.173074871 0.318665624 0.141425639 0.235389248 -0.173074871 0.318665624 0.141425639
CACHE_K 1 3 2 3 4
0.2089037 0.264371812 -0.153404117 -0.28070423 -0.109584019 0.271310121 0.554503858 0.269368827 -0.678130388 0.337074608 0.221142724 0.395901591 0.61822027 -0.341397732 0.352669835 0.47625342 -0.0709255338 -0.0248533804 0.795462072 0.496871561 -0.695150673 0.00332390331 0.156737432 0.470640033
CACHE_V 1 3 2 3 4
-0.854503036 0.357059598 -0.438123256 0.0138168782 -0.957712173 0.314363897 -0.0310968049 0.725704372 -0.928367496 0.24036172 -0.0378939062 0.82570982 0.055033423 0.387109429 0.0813725516 -0.0959999189 -0.0945450515 -0.158706278 -0.370647073 0.331788957 -0.129199624 -0.180178851 -0.378397107 0.399359703
STEP 2 decode
SEQ_BEFORE 4 1 5 5 5
NEW_TOKENS 1 5
START_POSITION 3
LOGITS_LAST 32 -0.691645503 -0.595722616 -0.198203191 -1.09458613 0.277000695 0.670258939 0.517553389 -0.341320753 -0.178550839 -0.432149202 0.316042036 -0.33646822 -0.825903475 -0.210882634 0.0450164676 0.0699552819 -0.433154225 -0.23984617 0.0150823519 0.0656909049 -0.000561535358 -0.0573040694 -0.172833949 -0.266383201 0.0552918687 -0.319987357 0.368365198 -0.540706813 -0.146142304 0.684808791 -0.0107530504 0.0618554652
SELECTED 29
CACHE_K 0 3 2 4 4
-0.565535128 -0.478129327 -0.500788748 -0.0447358489 0.304272413 0.449872196 0.369424731 -0.771735013 -0.146461114 0.457566947 0.455637455 -0.767197788 -0.462538987 0.465215921 0.122939199 -0.762583852 0.257447243 -0.526975989 -0.170329005 0.0615371466 0.236717865 0.0519056655 -0.282570183 -0.373822719 0.36567381 0.0556412414 0.0465178862 -0.373284966 0.158430964 0.0593712404 0.332837641 -0.3727099
CACHE_V 0 3 2 4 4
-0.427582294 0.00712829456 -0.685054243 -0.147798553 0.0750040859 0.507764339 -0.56731689 0.122643709 0.0750040859 0.507764339 -0.56731689 0.122643709 0.0750040859 0.507764339 -0.56731689 0.122643709 -0.632302344 0.469225138 -0.315920889 -0.0756318942 0.235389248 -0.173074871 0.318665624 0.141425639 0.235389248 -0.173074871 0.318665624 0.141425639 0.235389248 -0.173074871 0.318665624 0.141425639
CACHE_K 1 3 2 4 4
0.2089037 0.264371812 -0.153404117 -0.28070423 -0.109584019 0.271310121 0.554503858 0.269368827 -0.678130388 0.337074608 0.221142724 0.395901591 -0.577388227 0.346862435 -0.50150007 0.443236738 0.61822027 -0.341397732 0.352669835 0.47625342 -0.0709255338 -0.0248533804 0.795462072 0.496871561 -0.695150673 0.00332390331 0.156737432 0.470640033 -0.410679877 0.00298118778 -0.528173387 0.440840453
CACHE_V 1 3 2 4 4
-0.854503036 0.357059598 -0.438123256 0.0138168782 -0.957712173 0.314363897 -0.0310968049 0.725704372 -0.928367496 0.24036172 -0.0378939062 0.82570982 -0.902912021 0.199092865 -0.032576289 0.84315598 0.055033423 0.387109429 0.0813725516 -0.0959999189 -0.0945450515 -0.158706278 -0.370647073 0.331788957 -0.129199624 -0.180178851 -0.378397107 0.399359703 -0.13592945 -0.186032802 -0.376141548 0.438166112
STEP 3 decode
SEQ_BEFORE 5 1 5 5 5 29
NEW_TOKENS 1 29
START_POSITION 4
LOGITS_LAST 32 -0.292898566 -0.556317508 0.0176325329 -1.11315513 -0.122000962 0.0517341606 0.788686931 -0.627098024 -0.0438424945 -0.283365816 0.197691664 -0.224757195 -0.733412206 -0.318275124 0.229542166 -0.581854999 -0.29344058 -0.285942972 0.0324584134 0.148298502 -0.120385572 -0.0312732458 -0.306523234 0.181942701 0.0326618031 -0.0365897603 -0.0159744769 -0.969382405 -0.686310112 1.21437049 -0.244985864 -0.255088836
SELECTED 29
CACHE_K 0 3 2 5 4
-0.565535128 -0.478129327 -0.500788748 -0.0447358489 0.304272413 0.449872196 0.369424731 -0.771735013 -0.146461114 0.457566947 0.455637455 -0.767197788 -0.462538987 0.465215921 0.122939199 -0.762583852 -0.316175401 0.0787241384 -0.337557435 0.114837877 0.257447243 -0.526975989 -0.170329005 0.0615371466 0.236717865 0.0519056655 -0.282570183 -0.373822719 0.36567381 0.0556412414 0.0465178862 -0.373284966 0.158430964 0.0593712404 0.332837641 -0.3727099 0.410854816 0.236066312 0.195609033 -0.565291524
CACHE_V 0 3 2 5 4
-0.427582294 0.00712829456 -0.685054243 -0.147798553 0.0750040859 0.507764339 -0.56731689 0.122643709 0.0750040859 0.507764339 -0.56731689 0.122643709 0.0750040859 0.507764339 -0.56731689 0.122643709 -0.968626022 -0.237573057 0.727590442 -0.05827865 -0.632302344 0.469225138 -0.315920889 -0.0756318942 0.235389248 -0.173074871 0.318665624 0.141425639 0.235389248 -0.173074871 0.318665624 0.141425639 0.235389248 -0.173074871 0.318665624 0.141425639 0.10578455 0.418560147 0.299441576 0.234804839
CACHE_K 1 3 2 5 4
0.2089037 0.264371812 -0.153404117 -0.28070423 -0.109584019 0.271310121 0.554503858 0.269368827 -0.678130388 0.337074608 0.221142724 0.395901591 -0.577388227 0.346862435 -0.50150007 0.443236738 0.311260521 0.227325946 -0.694679677 0.28607893 0.61822027 -0.341397732 0.352669835 0.47625342 -0.0709255338 -0.0248533804 0.795462072 0.496871561 -0.695150673 0.00332390331 0.156737432 0.470640033 -0.410679877 0.00298118778 -0.528173387 0.440840453 0.624607682 0.0510999784 -0.119362488 -0.185173094
CACHE_V 1 3 2 5 4
-0.854503036 0.357059598 -0.438123256 0.0138168782 -0.957712173 0.314363897 -0.0310968049 0.725704372 -0.928367496 0.24036172 -0.0378939062 0.82570982 -0.902912021 0.199092865 -0.032576289 0.84315598 -0.326870769 0.0443525314 0.190328464 0.911232889 0.055033423 0.387109429 0.0813725516 -0.0959999189 -0.0945450515 -0.158706278 -0.370647073 0.331788957 -0.129199624 -0.180178851 -0.378397107 0.399359703 -0.13592945 -0.186032802 -0.376141548 0.438166112 -0.20083563 -0.0787693709 -0.434505343 0.183002472
STEP 4 decode
SEQ_BEFORE 6 1 5 5 5 29 29
NEW_TOKENS 1 29
START_POSITION 5
LOGITS_LAST 32 -0.269444972 -0.434896886 0.0156099461 -1.07145786 -0.119190052 0.142437384 0.770356417 -0.738524377 -0.0312066823 -0.295109242 0.17673935 -0.361102521 -0.718108833 -0.416155428 0.396202266 -0.584314167 -0.346218288 -0.197078183 -0.0117084906 0.192748353 -0.266544491 0.0830214694 -0.325188011 0.197150752 -0.152800888 0.024228422 0.0350651182 -0.989189863 -0.656229854 1.21633339 -0.185606778 -0.271327406
SELECTED 29
CACHE_K 0 3 2 6 4
-0.565535128 -0.478129327 -0.500788748 -0.0447358489 0.304272413 0.449872196 0.369424731 -0.771735013 -0.146461114 0.457566947 0.455637455 -0.767197788 -0.462538987 0.465215921 0.122939199 -0.762583852 -0.316175401 0.0787241384 -0.337557435 0.114837877 0.113214478 0.0775718391 -0.448435515 0.115619369 0.257447243 -0.526975989 -0.170329005 0.0615371466 0.236717865 0.0519056655 -0.282570183 -0.373822719 0.36567381 0.0556412414 0.0465178862 -0.373284966 0.158430964 0.0593712404 0.332837641 -0.3727099 0.410854816 0.236066312 0.195609033 -0.565291524 0.0573865026 0.24170731 0.451410443 -0.562902629
CACHE_V 0 3 2 6 4
-0.427582294 0.00712829456 -0.685054243 -0.147798553 0.0750040859 0.507764339 -0.56731689 0.122643709 0.0750040859 0.507764339 -0.56731689 0.122643709 0.0750040859 0.507764339 -0.56731689 0.122643709 -0.968626022 -0.237573057 0.727590442 -0.05827865 -0.968626022 -0.237573057 0.727590442 -0.05827865 -0.632302344 0.469225138 -0.315920889 -0.0756318942 0.235389248 -0.173074871 0.318665624 0.141425639 0.235389248 -0.173074871 0.318665624 0.141425639 0.235389248 -0.173074871 0.318665624 0.141425639 0.10578455 0.418560147 0.299441576 0.234804839 0.10578455 0.418560147 0.299441576 0.234804839
CACHE_K 1 3 2 6 4
0.2089037 0.264371812 -0.153404117 -0.28070423 -0.109584019 0.271310121 0.554503858 0.269368827 -0.678130388 0.337074608 0.221142724 0.395901591 -0.577388227 0.346862435 -0.50150007 0.443236738 0.311260521 0.227325946 -0.694679677 0.28607893 0.842480421 0.342471659 -0.269657135 0.418220192 0.61822027 -0.341397732 0.352669835 0.47625342 -0.0709255338 -0.0248533804 0.795462072 0.496871561 -0.695150673 0.00332390331 0.156737432 0.470640033 -0.410679877 0.00298118778 -0.528173387 0.440840453 0.624607682 0.0510999784 -0.119362488 -0.185173094 0.500825047 0.0651471764 0.437058628 -0.0130486377
CACHE_V 1 3 2 6 4
-0.854503036 0.357059598 -0.438123256 0.0138168782 -0.957712173 0.314363897 -0.0310968049 0.725704372 -0.928367496 0.24036172 -0.0378939062 0.82570982 -0.902912021 0.199092865 -0.032576289 0.84315598 -0.326870769 0.0443525314 0.190328464 0.911232889 -0.258445144 0.0968275517 0.155059785 1.01310956 0.055033423 0.387109429 0.0813725516 -0.0959999189 -0.0945450515 -0.158706278 -0.370647073 0.331788957 -0.129199624 -0.180178851 -0.378397107 0.399359703 -0.13592945 -0.186032802 -0.376141548 0.438166112 -0.20083563 -0.0787693709 -0.434505343 0.183002472 -0.141648427 -0.0433685705 -0.391580641 0.223571956
STEP 5 decode
SEQ_BEFORE 7 1 5 5 5 29 29 29
NEW_TOKENS 1 29
START_POSITION 6
LOGITS_LAST 32 -0.262232095 -0.313210338 0.0149289891 -1.02713799 -0.121891931 0.237063825 0.732610881 -0.793442488 0.00805393606 -0.299165726 0.154501081 -0.457304031 -0.705365062 -0.482531369 0.517367065 -0.563898623 -0.380324304 -0.130282581 -0.0571757555 0.219338596 -0.375062257 0.191582024 -0.323910803 0.224885046 -0.299818158 0.0773524642 0.0698774457 -0.986724377 -0.586985826 1.19563627 -0.13586396 -0.261046231
SELECTED 29
CACHE_K 0 3 2 7 4
-0.565535128 -0.478129327 -0.500788748 -0.0447358489 0.304272413 0.449872196 0.369424731 -0.771735013 -0.146461114 0.457566947 0.455637455 -0.767197788 -0.462538987 0.465215921 0.122939199 -0.762583852 -0.316175401 0.0787241384 -0.337557435 0.114837877 0.113214478 0.0775718391 -0.448435515 0.115619369 0.438515455 0.0764117911 -0.147024021 0.116389289 0.257447243 -0.526975989 -0.170329005 0.0615371466 0.236717865 0.0519056655 -0.282570183 -0.373822719 0.36567381 0.0556412414 0.0465178862 -0.373284966 0.158430964 0.0593712404 0.332837641 -0.3727099 0.410854816 0.236066312 0.195609033 -0.565291524 0.0573865026 0.24170731 0.451410443 -0.562902629 -0.34884271 0.247324169 0.292187154 -0.560457468
CACHE_V 0 3 2 7 4
-0.427582294 0.00712829456 -0.685054243 -0.147798553 0.0750040859 0.507764339 -0.56731689 0.122643709 0.0750040859 0.507764339 -0.56731689 0.122643709 0.0750040859 0.507764339 -0.56731689 0.122643709 -0.968626022 -0.237573057 0.727590442 -0.05827865 -0.968626022 -0.237573057 0.727590442 -0.05827865 -0.968626022 -0.237573057 0.727590442 -0.05827865 -0.632302344 0.469225138 -0.315920889 -0.0756318942 0.235389248 -0.173074871 0.318665624 0.141425639 0.235389248 -0.173074871 0.318665624 0.141425639 0.235389248 -0.173074871 0.318665624 0.141425639 0.10578455 0.418560147 0.299441576 0.234804839 0.10578455 0.418560147 0.299441576 0.234804839 0.10578455 0.418560147 0.299441576 0.234804839
CACHE_K 1 3 2 7 4
0.2089037 0.264371812 -0.153404117 -0.28070423 -0.109584019 0.271310121 0.554503858 0.269368827 -0.678130388 0.337074608 0.221142724 0.395901591 -0.577388227 0.346862435 -0.50150007 0.443236738 0.311260521 0.227325946 -0.694679677 0.28607893 0.842480421 0.342471659 -0.269657135 0.418220192 0.831166625 0.431053132 0.528240442 0.51750809 0.61822027 -0.341397732 0.352669835 0.47625342 -0.0709255338 -0.0248533804 0.795462072 0.496871561 -0.695150673 0.00332390331 0.156737432 0.470640033 -0.410679877 0.00298118778 -0.528173387 0.440840453 0.624607682 0.0510999784 -0.119362488 -0.185173094 0.500825047 0.0651471764 0.437058628 -0.0130486377 -0.0393224657 0.0515222475 0.657477915 0.127946377
CACHE_V 1 3 2 7 4
-0.854503036 0.357059598 -0.438123256 0.0138168782 -0.957712173 0.314363897 -0.0310968049 0.725704372 -0.928367496 0.24036172 -0.0378939062 0.82570982 -0.902912021 0.199092865 -0.032576289 0.84315598 -0.326870769 0.0443525314 0.190328464 0.911232889 -0.258445144 0.0968275517 0.155059785 1.01310956 -0.213332176 0.136115596 0.119320847 1.06238651 0.055033423 0.387109429 0.0813725516 -0.0959999189 -0.0945450515 -0.158706278 -0.370647073 0.331788957 -0.129199624 -0.180178851 -0.378397107 0.399359703 -0.13592945 -0.186032802 -0.376141548 0.438166112 -0.20083563 -0.0787693709 -0.434505343 0.183002472 -0.141648427 -0.0433685705 -0.391580641 0.223571956 -0.0828783661 0.0086665526 -0.35198012 0.274092138
STEP 6 decode
SEQ_BEFORE 8 1 5 5 5 29 29 29 29
NEW_TOKENS 1 29
START_POSITION 7
LOGITS_LAST 32 -0.26405549 -0.191784874 0.010550864 -0.9832986 -0.136535838 0.319697052 0.690887332 -0.807297349 0.0656430349 -0.290624142 0.13514933 -0.512675405 -0.686967194 -0.520361543 0.599422693 -0.536428928 -0.393644542 -0.0834679529 -0.105708227 0.231143102 -0.449848205 0.294157296 -0.316486299 0.259718359 -0.408121109 0.123874262 0.0761039108 -0.972107232 -0.505711973 1.16666162 -0.113405988 -0.228358254
SELECTED 29
CACHE_K 0 3 2 8 4
-0.565535128 -0.478129327 -0.500788748 -0.0447358489 0.304272413 0.449872196 0.369424731 -0.771735013 -0.146461114 0.457566947 0.455637455 -0.767197788 -0.462538987 0.465215921 0.122939199 -0.762583852 -0.316175401 0.0787241384 -0.337557435 0.114837877 0.113214478 0.0775718391 -0.448435515 0.115619369 0.438515455 0.0764117911 -0.147024021 0.116389289 0.36064738 0.0752440989 0.289560616 0.11714758 0.257447243 -0.526975989 -0.170329005 0.0615371466 0.236717865 0.0519056655 -0.282570183 -0.373822719 0.36567381 0.0556412414 0.0465178862 -0.373284966 0.158430964 0.0593712404 0.332837641 -0.3727099 0.410854816 0.236066312 0.195609033 -0.565291524 0.0573865026 0.24170731 0.451410443 -0.562902629 -0.34884271 0.247324169 0.292187154 -0.560457468 -0.43434757 0.252916276 -0.135671616 -0.557956278
CACHE_V 0 3 2 8 4
-0.427582294 0.00712829456 -0.685054243 -0.147798553 0.0750040859 0.507764339 -0.56731689 0.122643709 0.0750040859 0.507764339 -0.56731689 0.122643709 0.0750040859 0.507764339 -0.56731689 0.122643709 -0.968626022 -0.237573057 0.727590442 -0.05827865 -0.968626022 -0.237573057 0.727590442 -0.05827865 -0.968626022 -0.237573057 0.727590442 -0.05827865 -0.968626022 -0.237573057 0.727590442 -0.05827865 -0.632302344 0.469225138 -0.315920889 -0.0756318942 0.235389248 -0.173074871 0.318665624 0.141425639 0.235389248 -0.173074871 0.318665624 0.141425639 0.235389248 -0.173074871 0.318665624 0.141425639 0.10578455 0.418560147 0.299441576 0.234804839 0.10578455 0.418560147 0.299441576 0.234804839 0.10578455 0.418560147 0.299441576 0.234804839 0.10578455 0.418560147 0.299441576 0.234804839
CACHE_K 1 3 2 8 4
0.2089037 0.264371812 -0.153404117 -0.28070423 -0.109584019 0.271310121 0.554503858 0.269368827 -0.678130388 0.337074608 0.221142724 0.395901591 -0.577388227 0.346862435 -0.50150007 0.443236738 0.311260521 0.227325946 -0.694679677 0.28607893 0.842480421 0.342471659 -0.269657135 0.418220192 0.831166625 0.431053132 0.528240442 0.51750809 0.108588219 0.495089471 1.05043364 0.579883099 0.61822027 -0.341397732 0.352669835 0.47625342 -0.0709255338 -0.0248533804 0.795462072 0.496871561 -0.695150673 0.00332390331 0.156737432 0.470640033 -0.410679877 0.00298118778 -0.528173387 0.440840453 0.624607682 0.0510999784 -0.119362488 -0.185173094 0.500825047 0.0651471764 0.437058628 -0.0130486377 -0.0393224657 0.0515222475 0.657477915 0.127946377 -0.548826754 0.012327373 0.33326149 0.22651951
CACHE_V 1 3 2 8 4
-0.854503036 0.357059598 -0.438123256 0.0138168782 -0.957712173 0.314363897 -0.0310968049 0.725704372 -0.928367496 0.24036172 -0.0378939062 0.82570982 -0.902912021 0.199092865 -0.032576289 0.84315598 -0.326870769 0.0443525314 0.190328464 0.911232889 -0.258445144 0.0968275517 0.155059785 1.01310956 -0.213332176 0.136115596 0.119320847 1.06238651 -0.195138127 0.154921725 0.080317907 1.06799304 0.055033423 0.387109429 0.0813725516 -0.0959999189 -0.0945450515 -0.158706278 -0.370647073 0.331788957 -0.129199624 -0.180178851 -0.378397107 0.399359703 -0.13592945 -0.186032802 -0.376141548 0.438166112 -0.20083563 -0.0787693709 -0.434505343 0.183002472 -0.141648427 -0.0433685705 -0.391580641 0.223571956 -0.0828783661 0.0086665526 -0.35198012 0.274092138 -0.0344030112 0.0742514879 -0.312671244 0.325371355
STEP 7 decode
SEQ_BEFORE 9 1 5 5 5 29 29 29 29 29
NEW_TOKENS 1 29
START_POSITION 8
LOGITS_LAST 32 -0.265408605 -0.0918550789 0.00457981974 -0.944512904 -0.154915422 0.374851078 0.656004786 -0.804746747 0.115693897 -0.27496314 0.118468359 -0.543121278 -0.661327839 -0.538177311 0.653272688 -0.513405442 -0.394376457 -0.0495057702 -0.144604117 0.23683767 -0.499173582 0.376227498 -0.305101305 0.287160218 -0.482607186 0.156689882 0.0647622347 -0.95699662 -0.442792356 1.14031565 -0.110702828 -0.192682102
SELECTED 29
CACHE_K 0 3 2 9 4
-0.565535128 -0.478129327 -0.500788748 -0.0447358489 0.304272413 0.449872196 0.369424731 -0.771735013 -0.146461114 0.457566947 0.455637455 -0.767197788 -0.462538987 0.465215921 0.122939199 -0.762583852 -0.316175401 0.0787241384 -0.337557435 0.114837877 0.113214478 0.0775718391 -0.448435515 0.115619369 0.438515455 0.0764117911 -0.147024021 0.116389289 0.36064738 0.0752440989 0.289560616 0.11714758 -0.0487982556 0.0740688741 0.459924579 0.11789415 0.257447243 -0.526975989 -0.170329005 0.0615371466 0.236717865 0.0519056655 -0.282570183 -0.373822719 0.36567381 0.0556412414 0.0465178862 -0.373284966 0.158430964 0.0593712404 0.332837641 -0.3727099 0.410854816 0.236066312 0.195609033 -0.565291524 0.0573865026 0.24170731 0.451410443 -0.562902629 -0.34884271 0.247324169 0.292187154 -0.560457468 -0.43434757 0.252916276 -0.135671616 -0.557956278 -0.12051525 0.258483112 -0.438794553 -0.555399239
CACHE_V 0 3 2 9 4
-0.427582294 0.00712829456 -0.685054243 -0.147798553 0.0750040859 0.507764339 -0.56731689 0.122643709 0.0750040859 0.507764339 -0.56731689 0.122643709 0.0750040859 0.507764339 -0.56731689 0.122643709 -0.968626022 -0.237573057 0.727590442 -0.05827865 -0.968626022 -0.237573057 0.727590442 -0.05827865 -0.968626022 -0.237573057 0.727590442 -0.05827865 -0.968626022 -0.237573057 0.727590442 -0.05827865 -0.968626022 -0.237573057 0.727590442 -0.05827865 -0.632302344 0.469225138 -0.315920889 -0.0756318942 0.235389248 -0.173074871 0.318665624 0.141425639 0.235389248 -0.173074871 0.318665624 0.141425639 0.235389248 -0.173074871 0.318665624 0.141425639 0.10578455 0.418560147 0.299441576 0.234804839 0.10578455 0.418560147 0.299441576 0.234804839 0.10578455 0.418560147 0.299441576 0.234804839 0.10578455 0.418560147 0.299441576 0.234804839 0.10578455 0.418560147 0.299441576 0.234804839
CACHE_K 1 3 2 9 4
0.2089037 0.264371812 -0.153404117 -0.28070423 -0.109584019 0.271310121 0.554503858 0.269368827 -0.678130388 0.337074608 0.221142724 0.395901591 -0.577388227 0.346862435 -0.50150007 0.443236738 0.311260521 0.227325946 -0.694679677 0.28607893 0.842480421 0.342471659 -0.269657135 0.418220192 0.831166625 0.431053132 0.528240442 0.51750809 0.108588219 0.495089471 1.05043364 0.579883099 -0.804299593 0.530109763 0.739020586 0.611973763 0.61822027 -0.341397732 0.352669835 0.47625342 -0.0709255338 -0.0248533804 0.795462072 0.496871561 -0.695150673 0.00332390331 0.156737432 0.470640033 -0.410679877 0.00298118778 -0.528173387 0.440840453 0.624607682 0.0510999784 -0.119362488 -0.185173094 0.500825047 0.0651471764 0.437058628 -0.0130486377 -0.0393224657 0.0515222475 0.657477915 0.127946377 -0.548826754 0.012327373 0.33326149 0.22651951 -0.557983398 -0.0301616415 -0.284894288 0.288774967
CACHE_V 1 3 2 9 4
-0.854503036 0.357059598 -0.438123256 0.0138168782 -0.957712173 0.314363897 -0.0310968049 0.725704372 -0.928367496 0.24036172 -0.0378939062 0.82570982 -0.902912021 0.199092865 -0.032576289 0.84315598 -0.326870769 0.0443525314 0.190328464 0.911232889 -0.258445144 0.0968275517 0.155059785 1.01310956 -0.213332176 0.136115596 0.119320847 1.06238651 -0.195138127 0.154921725 0.080317907 1.06799304 -0.188660666 0.157116517 0.0435481183 1.05656826 0.055033423 0.387109429 0.0813725516 -0.0959999189 -0.0945450515 -0.158706278 -0.370647073 0.331788957 -0.129199624 -0.180178851 -0.378397107 0.399359703 -0.13592945 -0.186032802 -0.376141548 0.438166112 -0.20083563 -0.0787693709 -0.434505343 0.183002472 -0.141648427 -0.0433685705 -0.391580641 0.223571956 -0.0828783661 0.0086665526 -0.35198012 0.274092138 -0.0344030112 0.0742514879 -0.312671244 0.325371355 -0.00648464542 0.135602266 -0.271178693 0.357767522
STEP 8 decode
SEQ_BEFORE 10 1 5 5 5 29 29 29 29 29 29
NEW_TOKENS 1 29
START_POSITION 9
LOGITS_LAST 32 -0.260829091 -0.0331181362 0.00162855908 -0.916410506 -0.167102575 0.400358379 0.633405566 -0.806994736 0.143914118 -0.261679828 0.102834851 -0.567103148 -0.639729202 -0.54537946 0.687549114 -0.501702011 -0.393754631 -0.0249557253 -0.162702486 0.245405033 -0.532961369 0.42834723 -0.288233399 0.30128181 -0.531411231 0.175198153 0.0603995621 -0.953433573 -0.413601488 1.12528324 -0.103772059 -0.178659767
SELECTED 29
CACHE_K 0 3 2 10 4
-0.565535128 -0.478129327 -0.500788748 -0.0447358489 0.304272413 0.449872196 0.369424731 -0.771735013 -0.146461114 0.457566947 0.455637455 -0.767197788 -0.462538987 0.465215921 0.122939199 -0.762583852 -0.316175401 0.0787241384 -0.337557435 0.114837877 0.113214478 0.0775718391 -0.448435515 0.115619369 0.438515455 0.0764117911 -0.147024021 0.116389289 0.36064738 0.0752440989 0.289560616 0.11714758 -0.0487982556 0.0740688741 0.459924579 0.11789415 -0.413378984 0.0728862509 0.207435995 0.118628927 0.257447243 -0.526975989 -0.170329005 0.0615371466 0.236717865 0.0519056655 -0.282570183 -0.373822719 0.36567381 0.0556412414 0.0465178862 -0.373284966 0.158430964 0.0593712404 0.332837641 -0.3727099 0.410854816 0.236066312 0.195609033 -0.565291524 0.0573865026 0.24170731 0.451410443 -0.562902629 -0.34884271 0.247324169 0.292187154 -0.560457468 -0.43434757 0.252916276 -0.135671616 -0.557956278 -0.12051525 0.258483112 -0.438794553 -0.555399239 0.304118216 0.264024079 -0.338491797 -0.552786648
CACHE_V 0 3 2 10 4
-0.427582294 0.00712829456 -0.685054243 -0.147798553 0.0750040859 0.507764339 -0.56731689 0.122643709 0.0750040859 0.507764339 -0.56731689 0.122643709 0.0750040859 0.507764339 -0.56731689 0.122643709 -0.968626022 -0.237573057 0.727590442 -0.05827865 -0.968626022 -0.237573057 0.727590442 -0.05827865 -0.968626022 -0.237573057 0.727590442 -0.05827865 -0.968626022 -0.237573057 0.727590442 -0.05827865 -0.968626022 -0.237573057 0.727590442 -0.05827865 -0.968626022 -0.237573057 0.727590442 -0.05827865 -0.632302344 0.469225138 -0.315920889 -0.0756318942 0.235389248 -0.173074871 0.318665624 0.141425639 0.235389248 -0.173074871 0.318665624 0.141425639 0.235389248 -0.173074871 0.318665624 0.141425639 0.10578455 0.418560147 0.299441576 0.234804839 0.10578455 0.418560147 0.299441576 0.234804839 0.10578455 0.418560147 0.299441576 0.234804839 0.10578455 0.418560147 0.299441576 0.234804839 0.10578455 0.418560147 0.299441576 0.234804839 0.10578455 0.418560147 0.299441576 0.234804839
CACHE_K 1 3 2 10 4
0.2089037 0.264371812 -0.153404117 -0.28070423 -0.109584019 0.271310121 0.554503858 0.269368827 -0.678130388 0.337074608 0.221142724 0.395901591 -0.577388227 0.346862435 -0.50150007 0.443236738 0.311260521 0.227325946 -0.694679677 0.28607893 0.842480421 0.342471659 -0.269657135 0.418220192 0.831166625 0.431053132 0.528240442 0.51750809 0.108588219 0.495089471 1.05043364 0.579883099 -0.804299593 0.530109763 0.739020586 0.611973763 -1.07872069 0.537084281 -0.239422858 0.628576338 0.61822027 -0.341397732 0.352669835 0.47625342 -0.0709255338 -0.0248533804 0.795462072 0.496871561 -0.695150673 0.00332390331 0.156737432 0.470640033 -0.410679877 0.00298118778 -0.528173387 0.440840453 0.624607682 0.0510999784 -0.119362488 -0.185173094 0.500825047 0.0651471764 0.437058628 -0.0130486377 -0.0393224657 0.0515222475 0.657477915 0.127946377 -0.548826754 0.012327373 0.33326149 0.22651951 -0.557983398 -0.0301616415 -0.284894288 0.288774967 -0.0463381559 -0.0608766228 -0.613265276 0.327675164
CACHE_V 1 3 2 10 4
-0.854503036 0.357059598 -0.438123256 0.0138168782 -0.957712173 0.314363897 -0.0310968049 0.725704372 -0.928367496 0.24036172 -0.0378939062 0.82570982 -0.902912021 0.199092865 -0.032576289 0.84315598 -0.326870769 0.0443525314 0.190328464 0.911232889 -0.258445144 0.0968275517 0.155059785 1.01310956 -0.213332176 0.136115596 0.119320847 1.06238651 -0.195138127 0.154921725 0.080317907 1.06799304 -0.188660666 0.157116517 0.0435481183 1.05656826 -0.176526099 0.158846155 0.0198719092 1.05772007 0.055033423 0.387109429 0.0813725516 -0.0959999189 -0.0945450515 -0.158706278 -0.370647073 0.331788957 -0.129199624 -0.180178851 -0.378397107 0.399359703 -0.13592945 -0.186032802 -0.376141548 0.438166112 -0.20083563 -0.0787693709 -0.434505343 0.183002472 -0.141648427 -0.0433685705 -0.391580641 0.223571956 -0.0828783661 0.0086665526 -0.35198012 0.274092138 -0.0344030112 0.0742514879 -0.312671244 0.325371355 -0.00648464542 0.135602266 -0.271178693 0.357767522 0.00561199058 0.173361227 -0.238289952 0.36385262
